0	305	8
1	498	743
2	366	576
3	433	169
4	398	449
5	400	221
6	491	222
7	432	321
8	357	505
9	421	770
10	297	744
11	478	577
12	348	106
13	401	799
14	481	504
15	425	192
16	447	681
17	404	469
18	382	149
19	490	273
20	218	142
21	468	665
22	273	515
23	494	909
24	388	210
25	429	292
26	337	322
27	255	996
28	457	157
29	267	931
30	491	753
31	376	942
32	437	158
33	477	704
34	436	458
35	354	705
36	469	735
37	468	472
38	434	842
39	243	332
40	461	709
41	406	862
42	298	926
43	419	107
44	473	857
45	491	845
46	458	873
47	377	165
48	346	982
49	435	416
50	382	480
51	316	355
52	477	488
53	306	980
54	474	863
55	248	792
56	241	43
57	482	373
58	189	961
59	481	845
60	442	551
61	396	404
62	443	782
63	477	814
64	386	209
65	483	739
66	495	925
67	374	799
68	327	622
69	173	984
70	262	483
71	448	753
72	426	182
73	389	661
74	360	928
75	460	496
76	201	694
77	495	189
78	429	850
79	487	182
80	381	369
81	403	66
82	199	193
83	448	860
84	299	242
85	370	732
86	411	668
87	499	10
88	499	15
89	429	419
90	379	972
91	187	361
92	476	666
93	446	998
94	486	48
95	412	571
96	380	372
97	274	32
98	121	226
99	474	54
100	262	893
101	378	72
102	430	699
103	441	141
104	411	226
105	467	541
106	228	153
107	354	941
108	480	563
109	437	332
110	178	9
111	408	496
112	375	545
113	421	553
114	345	709
115	267	739
116	364	740
116	226	490
117	363	653
117	497	213
118	201	850
118	459	203
119	489	499
119	359	565
120	495	568
120	485	724
121	391	433
122	407	421
122	486	232
123	169	323
123	334	319
124	353	25
124	362	593
125	396	997
125	365	131
126	434	871
126	182	571
127	440	199
127	245	199
128	372	662
128	320	766
129	329	991
129	499	446
130	486	293
130	335	612
131	229	440
131	464	999
132	352	772
132	447	286
133	465	94
133	494	479
134	417	187
134	330	56
135	277	324
135	445	500
136	452	124
136	458	512
137	462	780
137	456	826
138	452	377
138	350	684
139	404	59
139	493	441
140	145	233
140	283	139
141	326	290
141	425	55
142	495	912
142	411	878
143	431	846
143	481	149
144	485	435
144	445	733
145	296	986
146	474	243
146	382	127
147	480	577
147	493	243
148	258	251
148	494	164
149	254	485
149	454	886
150	272	285
150	457	984
151	355	827
151	453	337
152	398	451
152	456	528
153	225	748
153	160	902
154	193	890
154	433	128
155	474	626
155	366	418
156	395	496
156	418	467
157	416	514
157	429	16
158	304	536
158	339	451
159	269	659
159	385	412
160	326	294
161	490	545
161	488	500
162	384	195
162	372	168
163	245	334
163	476	875
164	217	86
164	414	588
165	444	679
165	466	913
166	441	138
166	369	86
167	388	159
167	497	589
168	314	150
168	428	706
169	387	943
170	420	292
170	442	46
171	324	314
171	494	123
172	448	939
172	283	718
173	289	726
174	419	875
174	213	40
175	353	485
175	492	692
176	484	861
176	405	73
177	347	246
177	424	779
178	441	651
179	474	396
179	484	75
180	446	106
180	499	918
181	496	411
181	229	980
182	459	332
183	483	807
183	292	624
184	286	163
184	496	536
185	495	601
185	489	684
186	294	162
186	223	50
187	494	205
188	463	154
188	411	871
188	467	61
189	248	377
189	471	218
190	393	701
190	238	201
190	445	331
191	309	233
191	378	898
191	290	577
192	405	522
192	440	127
192	491	827
193	349	668
193	240	54
194	455	430
194	439	249
194	363	742
195	301	409
195	417	625
195	199	243
196	476	327
196	488	463
196	285	981
197	468	627
197	379	553
197	328	462
198	392	705
198	498	662
198	412	919
199	445	491
200	317	519
200	351	557
200	252	99
201	482	510
202	426	789
202	365	195
202	291	592
203	432	595
203	453	240
203	465	438
204	438	182
204	322	982
204	404	769
205	454	972
205	446	952
205	369	880
206	322	895
206	467	659
206	364	967
207	350	193
207	481	70
207	378	532
208	463	805
208	220	728
208	313	320
209	475	544
209	489	308
209	498	685
210	486	975
210	443	981
210	415	794
211	408	142
211	368	388
211	390	418
212	271	121
212	435	492
212	414	484
213	476	661
213	489	759
214	455	753
214	338	364
214	479	301
215	288	32
215	425	976
215	399	375
216	315	56
216	408	962
216	242	671
217	474	672
217	355	787
218	477	537
218	271	815
219	412	17
219	476	17
219	493	308
220	367	121
220	304	955
221	317	465
221	373	75
221	466	626
222	420	667
222	441	896
222	472	281
223	465	144
223	270	172
224	442	853
224	476	752
224	464	630
225	496	690
225	442	108
226	283	629
226	495	450
227	470	160
227	329	170
227	446	916
228	496	780
228	443	130
229	255	728
230	434	724
230	435	889
230	342	743
231	251	440
231	259	459
231	472	757
232	235	574
232	405	180
232	461	158
233	471	905
233	468	3
233	266	361
234	479	453
234	375	279
234	456	71
235	443	788
235	460	356
236	479	778
236	459	752
236	327	98
237	412	749
237	465	259
237	404	170
238	394	903
238	432	885
239	378	396
239	417	619
239	275	629
240	430	221
240	371	427
241	387	805
241	469	635
242	446	729
242	336	823
243	347	411
243	454	604
244	275	622
244	463	183
244	492	829
245	377	743
246	362	980
246	357	930
246	427	549
247	494	697
247	391	436
247	315	594
248	408	504
249	434	58
249	313	289
249	471	919
250	389	484
250	382	299
250	482	685
251	402	670
251	377	148
252	329	939
252	316	947
253	459	668
253	421	941
253	416	17
254	346	374
254	410	258
255	470	427
256	411	650
256	409	640
256	482	420
257	450	727
257	344	865
257	466	161
258	302	164
258	372	505
259	313	221
259	450	772
260	452	513
260	429	638
260	376	193
261	381	863
261	280	396
261	264	368
262	471	291
263	433	748
263	497	506
263	358	673
264	467	403
264	428	621
265	432	753
265	364	168
265	293	704
266	497	759
266	481	292
267	269	376
267	423	226
268	452	908
268	447	326
268	399	345
268	430	106
269	478	410
269	492	509
270	454	627
270	365	888
270	426	65
271	477	868
271	438	646
272	384	609
272	479	29
272	434	848
273	327	606
273	286	779
273	477	717
274	290	398
274	437	849
274	484	675
275	357	574
275	471	662
276	472	991
276	364	366
276	353	269
276	424	865
277	433	219
277	367	712
277	284	873
278	446	610
278	422	656
278	493	943
278	431	638
279	429	151
279	470	191
279	401	524
279	451	340
280	461	947
280	352	268
280	371	478
281	454	520
281	465	230
281	444	810
281	303	699
282	402	419
282	468	457
282	490	235
282	464	244
283	386	799
284	312	817
284	307	760
284	494	183
285	393	732
285	488	985
285	455	368
286	469	173
286	492	145
287	395	420
287	297	633
287	473	820
287	480	337
288	291	938
288	323	509
288	443	826
289	438	443
289	297	315
289	409	231
290	447	360
290	482	554
291	452	173
291	447	81
292	413	691
292	482	487
292	462	590
293	470	293
293	303	519
293	377	506
294	406	173
294	425	244
294	341	74
295	315	255
295	310	82
295	492	32
295	448	993
296	403	940
296	483	488
296	341	824
297	418	179
298	474	200
298	416	704
298	448	252
299	457	926
299	365	886
299	410	997
300	437	749
300	468	124
300	356	173
300	496	412
301	441	617
301	397	241
301	478	402
302	446	669
302	305	25
302	480	524
303	306	28
303	460	803
304	355	863
304	494	407
304	350	24
305	361	157
305	325	612
305	389	982
306	455	476
306	475	141
306	422	348
307	414	675
307	492	476
307	461	707
307	463	767
308	472	265
308	384	454
308	389	407
308	466	361
308	483	540
309	487	923
309	498	642
309	476	459
309	492	245
310	318	157
310	430	841
310	342	31
310	383	219
311	383	293
311	462	836
311	446	545
311	492	663
311	378	860
312	480	327
312	420	522
312	468	214
312	393	207
313	432	452
313	457	236
314	375	624
314	494	851
314	350	871
314	463	420
315	399	626
315	444	653
316	481	468
316	372	250
316	489	305
317	436	106
317	493	383
317	376	892
318	339	737
318	456	816
318	457	371
318	448	743
319	472	756
319	414	837
319	359	948
319	369	219
319	403	515
320	411	444
320	321	770
320	339	750
320	491	802
321	392	653
321	453	777
321	401	777
321	467	128
322	466	664
322	492	574
322	455	411
323	400	19
323	451	894
323	410	78
323	476	411
324	494	261
324	477	475
324	383	809
324	458	677
325	331	463
325	437	642
325	431	134
325	361	404
326	475	991
326	488	984
326	493	116
327	437	566
327	335	331
328	435	7
328	429	17
328	484	929
328	443	277
329	468	66
329	407	466
330	432	282
330	440	26
330	392	564
330	406	458
331	492	945
331	437	640
331	443	306
331	464	635
332	480	655
332	419	148
332	408	225
332	496	599
332	362	6
333	417	457
333	495	971
333	485	568
333	458	472
333	435	791
334	462	420
334	349	510
334	339	321
334	416	384
335	465	286
335	395	824
335	427	184
336	453	137
336	488	162
336	375	605
336	430	731
337	452	839
337	473	469
337	480	912
337	424	401
338	497	763
338	458	511
338	385	362
338	422	961
339	489	127
340	420	827
340	392	500
340	400	356
340	490	249
340	401	923
340	467	2
341	483	619
341	480	750
341	495	701
341	427	133
342	409	205
342	463	650
342	352	256
342	426	134
343	419	949
343	359	696
343	436	217
343	403	321
343	412	638
343	476	160
344	356	475
344	394	730
344	461	247
344	385	983
344	473	593
345	496	609
345	489	777
345	470	801
345	365	683
345	460	151
346	366	220
346	355	567
346	499	230
346	462	485
347	452	756
347	457	306
347	409	731
347	459	379
348	422	254
348	450	787
348	441	936
348	412	839
348	442	669
349	407	453
349	495	487
349	484	56
349	447	757
350	435	874
350	477	398
351	475	962
351	498	847
351	453	981
351	386	866
351	463	402
352	438	261
352	469	704
352	495	468
353	492	990
353	462	489
353	368	869
354	451	794
354	497	597
354	419	930
354	370	892
355	484	913
355	368	84
356	443	766
356	423	226
356	444	636
356	495	744
357	484	502
357	405	535
357	361	22
358	461	545
358	432	424
358	493	215
358	467	33
358	490	120
359	466	434
359	420	379
359	451	869
360	481	563
360	478	776
360	491	480
360	382	709
360	474	4
361	485	230
361	415	981
361	491	97
362	404	260
362	472	725
362	384	289
363	394	563
363	458	7
363	466	485
363	381	454
364	498	794
364	413	235
365	489	115
365	484	208
366	483	305
366	470	523
366	474	187
366	487	734
367	419	408
367	453	853
367	474	289
367	370	424
367	486	935
368	421	563
368	450	204
368	440	911
368	486	683
369	394	124
369	450	183
369	479	993
369	476	628
370	457	19
370	460	693
370	387	54
370	497	266
371	391	133
371	417	694
371	455	190
371	445	949
371	393	117
372	464	364
372	456	134
372	484	994
373	452	618
373	483	324
373	486	803
373	393	889
373	467	644
373	468	159
374	440	120
374	471	861
374	480	497
374	441	295
374	475	725
374	380	893
375	495	326
375	433	925
375	446	18
376	469	302
376	498	834
376	478	454
376	449	407
377	413	924
377	497	607
377	477	68
378	456	696
378	495	780
379	486	993
379	491	251
379	439	794
379	428	609
379	395	952
380	422	40
380	459	570
380	472	575
380	420	492
380	476	20
381	400	170
381	418	683
381	471	723
381	431	726
382	493	882
382	394	349
383	444	391
383	423	596
383	493	932
383	499	283
384	449	598
384	490	445
384	450	77
385	473	289
385	480	857
385	469	19
385	494	691
386	479	106
386	444	529
386	495	345
386	480	1
387	465	622
387	470	953
387	438	714
387	429	261
388	423	102
388	462	173
388	431	419
388	389	23
388	436	816
388	475	566
389	492	80
389	441	14
389	465	158
390	489	848
390	467	233
390	476	894
390	418	104
390	433	837
390	466	834
390	474	836
391	497	171
391	402	77
391	464	735
391	468	156
391	395	810
392	485	413
392	428	842
392	422	376
392	436	41
393	449	915
393	435	178
393	471	168
394	468	543
394	414	335
394	424	403
395	425	605
395	461	336
395	452	378
396	447	286
396	486	362
396	408	550
396	439	400
396	412	105
396	470	726
397	426	851
397	470	464
397	493	286
397	499	181
397	475	361
397	460	387
397	457	463
398	404	350
398	493	808
398	479	454
398	431	291
398	489	260
398	471	425
399	496	631
399	449	509
399	460	473
399	448	210
399	427	387
400	484	866
400	449	789
400	422	575
400	423	49
401	481	376
401	402	180
401	455	737
401	493	894
402	443	285
402	405	685
402	452	51
402	477	850
403	415	724
403	428	206
403	489	620
403	491	853
404	466	120
404	497	155
405	481	268
405	447	876
405	489	530
406	449	457
406	456	116
406	438	623
406	423	299
406	473	450
407	479	690
407	413	704
407	462	379
407	493	332
407	457	587
408	491	20
408	498	731
409	448	145
409	480	965
409	485	393
409	447	876
410	485	221
410	482	677
410	445	531
410	440	907
410	479	70
411	482	966
411	473	41
411	478	237
412	438	884
412	469	760
413	496	706
413	495	612
413	436	96
413	420	476
413	425	108
414	478	414
414	491	482
414	421	662
414	488	106
415	453	78
415	418	341
415	480	53
415	492	810
415	478	335
415	448	943
416	487	621
416	442	661
416	473	394
416	463	2
416	462	46
417	484	755
417	460	988
417	498	965
417	437	620
418	497	809
418	482	999
418	486	945
418	483	807
419	463	379
419	439	88
419	470	425
420	482	486
420	489	308
420	492	438
421	488	387
421	494	904
421	471	702
421	455	17
421	463	172
422	473	621
422	486	214
422	463	290
423	479	483
423	485	554
423	499	336
423	492	601
424	461	179
424	451	840
424	445	90
424	458	433
424	450	414
424	487	522
425	428	729
425	452	996
425	459	829
425	493	527
426	459	161
426	439	303
426	469	601
426	452	480
426	470	96
427	445	660
427	488	636
427	483	277
427	471	801
427	451	872
427	491	8
428	480	182
428	496	600
428	445	920
428	467	103
429	490	229
429	445	415
429	483	415
430	439	118
430	486	828
430	440	873
430	490	155
430	499	479
430	451	562
431	472	524
431	497	957
431	476	28
431	466	685
431	496	141
432	472	953
432	490	155
432	442	979
432	465	607
433	436	500
433	446	319
433	453	380
433	494	833
433	479	918
434	466	51
434	498	583
434	478	61
434	459	739
434	464	779
434	497	264
435	449	739
435	473	989
435	481	895
435	455	219
436	467	436
436	476	1000
436	449	815
436	464	902
437	498	505
437	474	214
437	475	475
438	465	223
438	444	981
438	447	549
438	485	392
439	473	60
439	487	485
439	488	952
439	449	29
439	478	552
440	499	404
440	494	281
440	465	641
440	466	529
441	460	753
441	471	373
441	445	719
441	483	398
442	493	665
442	490	999
442	486	861
442	465	721
442	487	373
443	487	943
443	489	749
443	469	748
444	497	582
444	462	178
444	450	490
444	469	297
444	472	881
445	499	306
446	499	57
446	468	817
447	482	981
447	464	128
448	490	771
448	480	969
448	491	267
449	499	615
449	464	659
449	477	927
450	472	160
450	487	939
450	478	257
450	497	262
451	456	694
451	461	882
451	483	677
451	484	191
451	495	456
451	496	483
452	488	5
453	469	210
453	493	566
453	494	374
453	474	794
453	454	318
454	498	782
454	457	954
454	483	293
454	485	933
454	484	569
454	487	422
454	481	381
455	498	950
455	487	97
455	491	184
455	484	960
456	471	525
456	469	763
456	473	275
456	490	819
456	479	235
457	480	931
457	475	979
457	461	28
458	491	969
458	496	859
458	481	778
458	477	618
458	475	706
458	498	207
459	488	277
459	487	63
459	477	617
459	470	339
460	498	729
460	471	758
460	495	171
460	464	852
461	485	761
461	486	887
461	481	333
462	498	200
462	473	751
462	483	319
463	487	5
463	485	860
463	478	926
464	488	611
464	490	553
464	472	683
465	498	376
465	496	864
466	481	143
466	475	784
467	499	244
467	471	637
467	496	389
468	477	530
468	473	833
469	498	247
469	470	121
470	482	883
472	488	243
472	497	244
472	473	376
474	487	977
474	494	747
475	476	451
475	499	692
475	496	487
475	491	787
477	497	600
478	495	621
478	487	893
478	485	499
478	496	851
479	488	923
479	498	500
479	499	810
479	495	552
481	499	930
481	489	247
482	493	573
482	490	812
482	488	180
482	492	335
483	488	63
483	491	367
484	489	948
484	490	334
485	489	558
485	486	831
485	493	75
485	498	997
486	490	188
486	497	634
487	499	465
487	488	2
490	492	852
492	494	561
494	496	280
494	497	469
496	499	570
497	499	951
