27 41 997
29 37 973
33 42 858
17 37 856
25 42 932
1 27 762
3 37 586
14 34 149
31 42 163
26 48 71
13 32 804
36 40 626
22 40 829
15 18 174
37 49 76
30 49 868
24 49 385
16 41 772
28 38 462
31 45 191
39 43 75
7 46 65
12 21 303
28 47 404
26 48 71
31 44 38
24 49 385
23 41 232
36 40 626
22 40 829
23 41 232
12 21 303
39 43 75
4 35 15
19 26 324
25 42 932
26 48 71
14 34 149
15 18 174
15 18 174
27 41 997
26 48 71
29 37 973
13 32 804
30 49 868
31 45 191
19 26 324
11 43 633
37 49 76
28 38 462
28 47 404
31 45 191
31 45 191
4 35 15
37 49 76
3 37 586
31 42 163
1 27 762
4 35 15
11 43 633
28 47 404
31 44 38
31 44 38
17 37 856
16 41 772
7 46 65
33 42 858
